44,1
44,3
3,2
10,249
10,111
10,129
10,83
10,163
10,293
10,309
10,2
10,3
9,2
9,3
8,6
8,9
8,4
8,17
8,15
8,2
8,3
18,1
18,3
14,1
14,3
13,1
13,3
2,2
2,1
2,3
24,3
24,2
24,1
24,0
20,3
20,2
20,1
19,3
19,2
19,1
12,3
12,2
12,1
11,30
11,29
11,28
11,27
11,26
11,25
11,24
11,23
11,22
11,21
11,20
11,19
11,18
11,17
11,16
11,15
11,14
11,13
11,12
11,11
11,10
11,9
11,8
11,7
11,5
11,4
11,3
11,2
11,1
10,317
10,316
10,315
10,314
10,313
10,303
10,299
10,285
10,273
10,269
10,257
10,253
10,243
10,235
10,227
10,199
10,189
10,159
10,1
10,105
9,7
9,5
9,1
8,16
8,14
8,13
8,12
8,11
8,1
